best_single_epoch = 185 
best_single_threshold = 0.0024572343099862337 
R_best_threshold = 0.4981469213962555 
elected_epochs = [181, 95, 152, 85, 82, 185, 172] 
epochs_for_R2 = [181, 95, 152, 85, 82, 185, 172] 
thresholds_for_R2 = [5.387985e-05, 1.0, 0.0024572343, 0.99997437, 0.99997437, 0.0024572343, 0.038373794] 
validation_patches = [[1, 1442, 1671], [1, 2664, 5946], [0, 1072, 3093]] 
test_patches = [[2, 1242, 1873], [1, 1394, 6198], [1, 1338, 4654]] 
